330036
330069
330075
330076
330077
330090
330093
330107
330111
330114
330116
330117
330118
330146
330149
330161
330165
330167
330169
330189
330192
330195
330196
330197
330198
330200
330202
330203
330225
330270
330285
330299
330342
330366
330367
330378
330397
330398
330413
330417
330449
330460
330465
330467
330469
330473
330477
330479
330511
330530
330534
330547
330550
360038
360109
360138
360536
360559
620073
620080
620172
620173
620259
620269
620272
620274
620340
620392
620452
620461
620474
620545
620546
620553
620566
620673
680097
680216
680219
680233
680258
680284
680407
950056
950057
950205
950214
950222
950273
950275
950277
950281
950618
950620
950635
150002
150013
150025
150027
150028
150031
150050
150052
150078
150079
150094
150095
150096
150098
150125
150130
150136
150140
150141
150142
150143
150145
150148
150151
150152
150158
150159
150182
150206
150221
150235
150241
150251
150252
150286
150287
150288
150289
150292
150301
150302
150348
150351
150359
150380
150381
150386
150388
150390
150391
150395
150401
150411
150416
150420
150422
150424
150427
150432
150443
150504
150506
150512
150513
150514
150515
150518
150522
150524
150535
150541
150544
150554
150558
150561
150567
150569
150571
150572
150573
150574
150577
150581
150585
150589
150591
150593
150595
150599
150600
150603
150604
150607
150609
150612
150642
150644
150647
150649
150650
150655
150657
150662
150667
150668
150669
610007
610010
610016
610018
610020
610021
610030
610033
610034
610035
610049
610058
610060
610064
610070
610072
610100
610102
610104
610126
610131
610147
610154
610155
610156
610164
610199
610215
610217
610291
610293
610294
610300
610303
610304
610305
610309
610311
610312
610315
610317
610318
610338
610362
610363
610364
610365
610368
610370
610371
610373
610374
610375
610383
610396
610421
610426
610428
610430
610433
610434
610435
610436
610437
610439
610440
610441
610444
610445
610447
610448
610450
610451
610453
610456
610457
610458
610462
610463
610466
610468
610470
610471
610475
610478
610480
610481
610482
610483
610485
610486
610487
610488
610489
610490
610491
610492
610493
610495
610496
610497
610498
610499
610501
610507
610517
610519
610527
610532
610543
610549
610556
610562
610563
610564
610565
610575
610576
610578
610579
610580
610582
610583
610586
610598
610636
610660
610675
920000
920001
920004
920005
920006
920008
920009
920011
920012
920014
920015
920017
920019
920022
920023
920024
920026
920032
920039
920042
920044
920045
920046
920048
920051
920053
920054
920055
920066
920074
920081
920083
920085
920086
920103
920105
920106
920115
920123
920137
920139
920150
920153
920160
920163
920168
920170
920179
920190
920191
920208
920218
920224
920226
920227
920228
920230
920231
920236
920237
920238
920239
920240
920242
920244
920245
920246
920248
920250
920253
920255
920256
920257
920260
920261
920263
920264
920265
920266
920267
920268
920271
920280
920290
920296
920297
920298
920306
920319
920321
920322
920323
920324
920325
920326
920328
920329
920341
920343
920347
920349
920384
920387
920389
920399
920400
920402
920412
920414
920418
920442
920446
920455
920459
920464
920472
920476
920500
920502
920503
920510
920523
920526
920528
920529
920533
920539
920551
920555
920557
920606
920628
920629
920634
920643
920646
920658
920661
920665
920666
920670
800003
800047
800092
800099
800101
800108
800110
800112
800113
800119
800120
800124
800128
800132
800134
800144
800162
800188
800193
800201
800207
800209
800212
800213
800229
800234
800295
800314
800339
800344
800345
800346
800454
800525
800548
800552
800632
800633
800664
800671
800672
730029
730037
730040
730041
730043
730059
730061
730062
730063
730065
730067
730068
730071
730082
730084
730087
730088
730089
730091
730121
730122
730127
730129
730133
730135
730157
730166
730171
730174
730175
730176
730177
730178
730180
730181
730183
730184
730185
730186
730187
730194
730204
730210
730211
730220
730223
730232
730243
730247
730249
730254
730262
730276
730278
730279
730282
730283
730307
730308
730310
730313
730316
730320
730327
730330
730331
730332
730333
730334
730335
730336
730337
730350
730352
730353
730354
730355
730356
730357
730358
730360
730361
730369
730372
730376
730377
730379
730382
730385
730393
730394
730403
730404
730405
730406
730408
730409
730410
730415
730419
730423
730425
730429
730431
730438
730484
730494
730505
730508
730509
730516
730520
730521
730531
730537
730538
730540
730542
730560
730568
730570
730584
730587
730588
730590
730592
730594
730596
730597
730601
730602
730605
730608
730610
730611
730613
730614
730615
730616
730617
730619
730621
730622
730623
730624
730625
730626
730627
730630
730631
730637
730638
730639
730640
730641
730645
730648
730651
730652
730653
730654
730656
730659
730663
730674
